16.845 
16.436 
15.615 
17.396 
17.098 
15.651 
15.593 
16.937 
16.705 
16.361
15.638
14.716
14.448
14.255
15.808
16.142
14.247
13.612
13.634
13.570
15.642
14.345
14.207
14.593
15.066
14.659
14.917
14.797
14.196
14.436
15.117
14.057
15.852
13.810
13.877
13.617
14.049
13.534
15.115
15.556
14.314
13.646
14.054
13.846
13.751
13.555
13.476
13.482
13.540
13.339
15.144
14.473
13.978
14.309
14.036
13.782
14.483
13.958
13.628
13.892
10.410
10.426
10.329
10.215
10.050
10.242
11.286
11.157
11.237
12.121
11.526
10.559
10.713
10.678
10.567
10.627
11.313
11.201
10.776
10.241
11.182
11.571
10.847
10.794
10.733
12.830
11.795
11.595
11.856
12.274
12.296
10.695
10.787
11.499
11.102
11.615
12.331
12.042
10.567
11.824