1
20.24770000000000000000 19.97520000000000000000 .00570000000000000000
2
9.26060000000000000000 9.18110000000000000000 .00560000000000000000
3
9.01040000000000000000 8.89460000000000000000 .00350000000000000000
4
8.91560000000000000000 8.84090000000000000000 .00530000000000000000
5
14.39010000000000000000 13.89000000000000000000 .00830000000000000000
6
13.77490000000000000000 13.65780000000000000000 .00470000000000000000
7
13.73840000000000000000 13.58650000000000000000 .00460000000000000000
8
19.19380000000000000000 19.03880000000000000000 .00710000000000000000
9
13.54030000000000000000 13.43160000000000000000 .00380000000000000000
10
9.16560000000000000000 9.08980000000000000000 .00520000000000000000
11
14.08110000000000000000 13.95730000000000000000 .00500000000000000000
12
19.81370000000000000000 19.65880000000000000000 .00450000000000000000
13
14.38050000000000000000 14.26050000000000000000 .00440000000000000000
14
19.62120000000000000000 19.45930000000000000000 .00660000000000000000
15
8.84470000000000000000 8.77080000000000000000 .00550000000000000000