1
10.09510000000000000000 9.75860000000000000000 .00540000000000000000
2
16.88320000000000000000 16.50180000000000000000 .00720000000000000000
3
14.88490000000000000000 14.57660000000000000000 .00600000000000000000
4
10.80440000000000000000 10.66460000000000000000 .00310000000000000000
5
19.78820000000000000000 19.29690000000000000000 .00470000000000000000
6
14.43770000000000000000 14.04830000000000000000 .00470000000000000000
7
20.16630000000000000000 19.78330000000000000000 .00640000000000000000
8
13.91240000000000000000 13.65400000000000000000 .00460000000000000000
9
9.68360000000000000000 9.55040000000000000000 .00530000000000000000
10
20.15460000000000000000 19.88620000000000000000 .00760000000000000000
11
13.84760000000000000000 13.66470000000000000000 .00700000000000000000
12
13.78760000000000000000 13.60660000000000000000 .00430000000000000000
13
20.17410000000000000000 19.69770000000000000000 .00730000000000000000
14
19.54890000000000000000 19.37170000000000000000 .00470000000000000000
15
13.35230000000000000000 13.24570000000000000000 .00410000000000000000