1
17.24020000000000000000 16.93910000000000000000 .01220000000000000000
2
14.06280000000000000000 13.75520000000000000000 .00800000000000000000
3
14.02260000000000000000 13.89600000000000000000 .00650000000000000000
4
20.56530000000000000000 20.32270000000000000000 .01570000000000000000
5
19.64900000000000000000 19.33390000000000000000 .01240000000000000000
6
21.50510000000000000000 20.09640000000000000000 .01800000000000000000
7
13.62830000000000000000 13.34920000000000000000 .00980000000000000000
8
20.58170000000000000000 19.82340000000000000000 .01280000000000000000
9
20.38200000000000000000 19.93140000000000000000 .01600000000000000000
10
19.20340000000000000000 18.91750000000000000000 .01490000000000000000
11
17.57230000000000000000 17.13310000000000000000 .01330000000000000000
12
13.69850000000000000000 13.42420000000000000000 .01120000000000000000
13
20.13430000000000000000 19.72070000000000000000 .01020000000000000000
14
19.67400000000000000000 19.03680000000000000000 .00870000000000000000
15
16.62030000000000000000 16.06250000000000000000 .01490000000000000000