1
13.92820000000000000000 13.79690000000000000000 .00540000000000000000
2
13.59960000000000000000 13.48870000000000000000 .00480000000000000000
3
19.56710000000000000000 19.36360000000000000000 .01150000000000000000
4
19.64160000000000000000 19.49930000000000000000 .01160000000000000000
5
15.08900000000000000000 14.97830000000000000000 .00790000000000000000
6
13.46770000000000000000 13.36470000000000000000 .01370000000000000000
7
13.50050000000000000000 13.39460000000000000000 .01340000000000000000
8
19.64800000000000000000 19.50760000000000000000 .00960000000000000000
9
9.35490000000000000000 9.28370000000000000000 .00470000000000000000
10
19.56520000000000000000 19.15640000000000000000 .01400000000000000000
11
13.49180000000000000000 13.38860000000000000000 .00830000000000000000
12
19.32780000000000000000 19.12680000000000000000 .01550000000000000000
13
13.68180000000000000000 13.57930000000000000000 .00990000000000000000
14
19.85100000000000000000 19.70340000000000000000 .01340000000000000000
15
18.94520000000000000000 18.80600000000000000000 .01230000000000000000