1
25.83880000000000000000 25.57310000000000000000 .00940000000000000000
2
17.62490000000000000000 17.08530000000000000000 .00600000000000000000
3
17.16830000000000000000 16.74160000000000000000 .00760000000000000000
4
20.15280000000000000000 19.79930000000000000000 .00840000000000000000
5
16.92330000000000000000 16.15460000000000000000 .00770000000000000000
6
25.78440000000000000000 25.22370000000000000000 .01130000000000000000
7
19.77170000000000000000 19.21000000000000000000 .01030000000000000000
8
16.43420000000000000000 16.01860000000000000000 .00690000000000000000
9
25.75290000000000000000 25.37600000000000000000 .01000000000000000000
10
16.51180000000000000000 16.26950000000000000000 .00580000000000000000
11
17.35920000000000000000 17.10770000000000000000 .00590000000000000000
12
16.08630000000000000000 15.85360000000000000000 .00840000000000000000
13
17.10700000000000000000 16.85740000000000000000 .00840000000000000000
14
16.43970000000000000000 15.85200000000000000000 .00820000000000000000
15
18.09320000000000000000 16.89830000000000000000 .01380000000000000000