1
13.45850000000000000000 13.26020000000000000000 .01730000000000000000
2
9.28480000000000000000 9.20750000000000000000 .00790000000000000000
3
13.92580000000000000000 13.23230000000000000000 .01280000000000000000
4
9.00930000000000000000 8.71000000000000000000 .00960000000000000000
5
21.20280000000000000000 19.38500000000000000000 .02190000000000000000
6
9.87990000000000000000 8.96130000000000000000 .01300000000000000000
7
8.89840000000000000000 8.82310000000000000000 .00780000000000000000
8
13.24160000000000000000 13.13250000000000000000 .01140000000000000000
9
9.02780000000000000000 8.61020000000000000000 .01430000000000000000
10
13.78280000000000000000 13.20020000000000000000 .01620000000000000000
11
10.35020000000000000000 10.15520000000000000000 .00550000000000000000
12
9.31130000000000000000 9.04620000000000000000 .01170000000000000000
13
8.94370000000000000000 8.77480000000000000000 .00910000000000000000
14
13.42810000000000000000 13.13440000000000000000 .00860000000000000000
15
13.54200000000000000000 13.35820000000000000000 .01050000000000000000